13,20,28,2.007
51,94,95,12.036
53,78,90,22.067
58,105,78,32.099
68,105,90,42.131
73,93,108,52.162
70,78,90,62.194
65,82,66,72.226
85,81,100,82.258
63,101,79,92.29
64,97,105,102.323
64,84,85,112.355
61,91,103,122.386
80,103,110,132.418
69,97,96,142.448
65,70,65,152.48
65,104,102,162.512
62,111,84,172.543
63,89,96,182.574
66,85,81,192.605
67,98,110,202.636
48,88,88,212.668
56,97,101,222.7
57,113,111,232.731
67,91,97,242.762
59,112,120,252.794
76,113,89,262.826
62,115,92,272.858
72,101,105,282.89
70,116,102,292.923
67,102,94,302.958
66,138,95,312.99
78,113,107,323.022
57,104,104,333.054
41,105,88,343.085
51,126,75,353.116
53,106,92,363.147
51,102,95,373.177
66,123,84,383.207
62,115,96,393.237
56,107,95,403.268
55,95,69,413.3
76,117,106,423.332
